0.149111
0.145109
0.144477
0.14553
0.140686
0.147004
0.154586
0.151848
0.155008
0.149111
0.149111
0.151006
0.15585
0.149111
0.149111
0.150164
0.156692
0.150374
0.165959
0.165538
0.149111
0.157324
0.173541
0.158798
0.157535
0.157535
0.157535
0.157535
0.164274
0.15943
0.163853
0.165959
0.160062
0.157535
0.152059
0.154376
0.162589
0.161115
0.157535
0.157535
0.153323
0.157114
0.162168
0.164696
0.171014
0.169118
0.177332
0.185546
0.196287
0.205764
0.193338
0.178174
0.191232
0.189758
0.185335
0.198603
0.191232
0.191232
0.191653
0.199446
0.191232
0.174805
0.19039
0.175647
0.166802
0.158588
0.136053
0.132262
0.132262
0.138791
0.134368
0.138369
0.128892
0.123838
0.129313
0.126997
0.128892
0.127418
0.128471
0.127839
0.12805
0.124259
0.119204
0.123838
0.123838
0.123838
0.129735
0.137948
0.129735
0.128471
0.140686
0.148268
0.187862
0.252098
0.312121
0.393416
0.530736
0.717153
0.870687
0.976623
1
0.944749
0.671859
0.349658
0.184224
0.0708368
0.0186708
0
0.0547302
0.0901486
0.114909
0.111824
0.117073
0.124966
0.120198
0.130936
0.134542
0.128572
0.132378
0.134542
0.140151
0.142555
0.147924
0.14532
0.137427
0.13955
0.147443
0.1458
0.13326
0.131056
0.143356
0.146281
0.146722
0.154615
0.154655
0.150568
0.150568
0.150568
0.150568
0.157219
0.166595
0.16351
0.155617
0.156258
0.166595
0.166595
0.164111
0.160945
0.166595
0.166595
0.166595
0.166595
0.166595
0.16988
0.182621
0.182621
0.186467
0.206661
0.205619
0.199569
0.206661
0.208023
0.222126
0.215115
0.222687
0.222887
0.2307
0.2307
0.222847
0.23042
0.215475
0.229659
0.223328
0.215435
0.207542
0.199649
0.191756
0.190634
0.190634
0.184104
0.176211
0.180898
0.170281
0.166595
0.160665
0.164391
0.172284
0.169039
0.161146
0.153253
0.150568
0.150568
0.135664
0.136225
0.147283
0.145961
0.142555
0.142555
0.146802
0.146441
0.150568
0.162468
0.166595
0.159303
0.150568
0.150568
0.147283
0.14572
0.147523
0.148405
0.152972
0.147924
0.156017
0.153012
0.156258
0.152772
0.156498
0.152531
0.156738
0.154014
0.164992
0.160064
0.165232
0.157339
0.15169
0.15758
0.152331
0.166595
0.165954
0.158061
0.15137
0.166314
0.158581
0.158581
0.158581
0.158581
0.150889
0.158141
0.158581
0.151249
0.164992
0.14532
0.16347
0.166595
0.166595
0.159984
0.178054
0.188992
0.184384
0.182621
0.188631
0.184745
0.19416
0.187349
0.18815
0.201452
0.201372
0.203816
0.201612
0.198648
0.19384
0.190634
0.190634
0.172845
0.154254
0.146361
0.146642
0.146602
0.146401
0.135664
0.118515
0.122001
0.126529
0.126529
0.126529
0.123524
0.12717
0.134261
0.12116
0.126529
0.128933
0.132258
0.130856
0.140512
0.130695
0.120318
0.128211
0.132979
0.125086
0.118515
0.118515
0.131497
0.220443
0.267802
0.319487
0.416609
0.548696
0.765013
0.881965
0.952281
1
0.879529
0.553423
0.294186
0.129154
0.0364062
0
0.0262549
0.0942566
0.110116
0.118147
0.112562
0.131274
0.129114
0.133965
0.141996
0.137634
0.135677
0.135677
0.129847
0.133231
0.135677
0.135677
0.151699
0.15492
0.157081
0.155165
0.156836
0.15068
0.153045
0.155654
0.156347
0.160138
0.160138
0.156143
0.151985
0.155735
0.152882
0.147337
0.155369
0.153615
0.153249
0.165275
0.165928
0.176446
0.176446
0.176446
0.176446
0.174163
0.170453
0.178484
0.184599
0.186393
0.194425
0.199358
0.19418
0.203516
0.216032
0.210121
0.218152
0.225368
0.225368
0.225939
0.233073
0.225368
0.225572
0.233766
0.25786
0.242001
0.241675
0.233929
0.218274
0.224716
0.225368
0.225368
0.225368
0.218356
0.196545
0.192753
0.199398
0.200907
0.194506
0.192753
0.192753
0.192753
0.175019
0.174081
0.170779
0.168292
0.168292
0.162992
0.154961
0.15704
0.160138
0.160138
0.15545
0.156551
0.160138
0.160138
0.155939
0.151985
0.155939
0.156306
0.155695
0.167314
0.17298
0.164949
0.156918
0.158182
0.168292
0.165438
0.160138
0.162748
0.170779
0.174081
0.170534
0.172206
0.162136
0.168292
0.168292
0.169923
0.173429
0.161525
0.168292
0.169434
0.176446
0.176446
0.176446
0.176446
0.176446
0.176446
0.176446
0.176446
0.176446
0.176446
0.168496
0.160465
0.175549
0.16128
0.17506
0.176446
0.176446
0.183539
0.191571
0.192753
0.212934
0.21061
0.196096
0.186393
0.197075
0.194792
0.192753
0.186883
0.196096
0.212159
0.217214
0.211833
0.219579
0.220231
0.2122
0.199276
0.192753
0.183458
0.176446
0.172043
0.172573
0.168129
0.160138
0.160138
0.152555
0.151169
0.160138
0.156714
0.151985
0.148805
0.149946
0.154268
0.143831
0.14114
0.143383
0.155246
0.143831
0.14163
0.137757
0.141874
0.139347
0.151985
0.151985
0.150517
0.145176
0.151985
0.158589
0.210691
0.287581
0.339438
0.432066
0.578128
0.745687
0.887805
0.951934
1
0.904703
0.583806
0.319117
0.168876
0.0478105
0
0.0230139
0.0683933
0.109397
0.136138
0.147321
0.155263
0.157207
0.133869
0.141811
0.154614
0.146511
0.151373
0.147159
0.141
0.141
0.145538
0.149104
0.153318
0.161259
0.161421
0.157207
0.157207
0.157207
0.157207
0.163366
0.16758
0.159963
0.162718
0.162069
0.168876
0.159314
0.163366
0.15899
0.166932
0.174873
0.182814
0.189621
0.188649
0.182328
0.189621
0.189621
0.189621
0.189621
0.189621
0.189621
0.189621
0.204856
0.198373
0.212311
0.221063
0.215066
0.220739
0.22868
0.230139
0.236459
0.232083
0.230139
0.224304
0.227708
0.230139
0.235487
0.238242
0.24829
0.244725
0.238242
0.238242
0.238242
0.234028
0.226087
0.218145
0.210204
0.198697
0.193025
0.191242
0.184597
0.180869
0.165311
0.162718
0.157207
0.159476
0.165311
0.163366
0.157207
0.155587
0.150562
0.158504
0.164176
0.157207
0.158018
0.164663
0.157207
0.157207
0.157207
0.157207
0.149266
0.156883
0.14959
0.156559
0.149914
0.156235
0.150238
0.155911
0.150562
0.155587
0.157207
0.163366
0.159314
0.168876
0.173414
0.162394
0.157207
0.16758
0.16839
0.160449
0.161907
0.169849
0.182166
0.17698
0.165311
0.17309
0.17779
0.173414
0.180221
0.18638
0.178438
0.173414
0.173414
0.173414
0.168552
0.157207
0.159314
0.163366
0.15899
0.16369
0.163042
0.189621
0.188487
0.18249
0.188001
0.174063
0.18249
0.197725
0.197887
0.205828
0.189945
0.197401
0.197725
0.197725
0.212311
0.19967
0.197725
0.204532
0.205828
0.192863
0.189621
0.177304
0.161421
0.163042
0.153966
0.143594
0.151697
0.152021
0.154128
0.152345
0.153804
0.152669
0.15348
0.157207
0.157207
0.157207
0.149752
0.144566
0.1457
0.137759
0.132897
0.138731
0.146349
0.138407
0.135328
0.134193
0.123011
0.139056
0.13468
0.141
0.152669
0.218794
0.292535
0.340022
0.445694
0.577971
0.764675
0.889793
0.96791
0.999383
0.846887
0.553596
0.294701
0.141588
0.0403362
0
0.0290174
0.0691478
0.102899
0.122655
0.120803
0.130064
0.135003
0.140354
0.143235
0.143235
0.138501
0.13953
0.147556
0.151467
0.147556
0.146939
0.147968
0.14982
0.156612
0.151467
0.154142
0.159699
0.157435
0.155583
0.166078
0.159699
0.158258
0.153936
0.16793
0.168754
0.175545
0.167519
0.159904
0.16793
0.159904
0.151878
0.159081
0.159699
0.166901
0.174927
0.169371
0.174516
0.188922
0.192626
0.192626
0.192626
0.209296
0.20662
0.206003
0.218968
0.22082
0.217322
0.225965
0.22967
0.229464
0.233785
0.237284
0.238725
0.236872
0.236255
0.228229
0.236255
0.23749
0.22967
0.242017
0.242017
0.242017
0.239548
0.225554
0.22473
0.216704
0.208678
0.200858
0.200858
0.184806
0.192214
0.177397
0.176162
0.176162
0.176162
0.169371
0.174516
0.163403
0.165872
0.16793
0.162168
0.159699
0.159699
0.159699
0.159699
0.164432
0.163403
0.16402
0.163814
0.163609
0.16793
0.160933
0.154759
0.159699
0.159699
0.159699
0.159699
0.157435
0.153525
0.159699
0.159699
0.159699
0.159699
0.159699
0.161345
0.176162
0.175751
0.168342
0.184394
0.176368
0.191803
0.177397
0.168754
0.175133
0.169165
0.174722
0.169577
0.161551
0.165872
0.185835
0.186864
0.178838
0.176162
0.186452
0.182748
0.166696
0.168754
0.176162
0.184394
0.184806
0.176162
0.176162
0.17287
0.174104
0.181513
0.181513
0.195096
0.198594
0.192626
0.194478
0.204151
0.214441
0.202093
0.20909
0.208267
0.20271
0.225142
0.216704
0.192626
0.200652
0.185217
0.192009
0.1704
0.160727
0.152701
0.131093
0.139942
0.136855
0.135003
0.140971
0.137472
0.135003
0.145704
0.141177
0.139942
0.138501
0.13953
0.138913
0.139119
0.139325
0.138707
0.146733
0.148174
0.140148
0.135003
0.135003
0.132533
0.126771
0.126771
0.139736
0.199212
0.268565
0.332156
0.440615
0.58038
0.747075
0.889899
1
1
0.945749
0.672506
0.386119
0.199517
0.0699501
0
0.0101348
0.077899
0.112278
0.14149
0.155202
0.162952
0.165337
0.149836
0.146458
0.1399
0.133541
0.137913
0.137317
0.137516
0.145266
0.156593
0.165337
0.162157
0.160369
0.165337
0.165337
0.160567
0.151625
0.157388
0.157388
0.157388
0.154606
0.143875
0.158381
0.165337
0.165337
0.164939
0.157785
0.173286
0.165535
0.165337
0.172689
0.166132
0.186202
0.168914
0.171895
0.192363
0.184811
0.187196
0.194946
0.191568
0.194549
0.197132
0.2021
0.205081
0.209652
0.221774
0.224755
0.224953
0.225152
0.228133
0.233498
0.228928
0.231909
0.234094
0.231511
0.236877
0.234691
0.228928
0.232505
0.241646
0.230319
0.235684
0.22694
0.21462
0.228332
0.220184
0.204485
0.181234
0.173484
0.173286
0.180638
0.181234
0.167324
0.172093
0.16017
0.157388
0.145067
0.153413
0.157388
0.157388
0.162753
0.16017
0.162356
0.165337
0.165337
0.165337
0.165337
