0.149111
0.148251
0.15076
0.154953
0.153247
0.162702
0.173418
0.173811
0.180098
0.177325
0.180444
0.185454
0.193406
0.18977
0.192867
0.197009
0.206619
0.203376
0.222027
0.224663
0.211283
0.222534
0.241779
0.230053
0.231795
0.234789
0.237771
0.24074
0.250435
0.248533
0.255884
0.260904
0.257905
0.258262
0.255653
0.260821
0.271868
0.273211
0.27243
0.275211
0.273761
0.280296
0.288074
0.293306
0.302308
0.303075
0.313931
0.324765
0.338104
0.350157
0.340284
0.32765
0.343215
0.344223
0.342258
0.357959
0.352996
0.355378
0.358156
0.368279
0.362369
0.348218
0.366052
0.353531
0.346879
0.34083
0.320431
0.318747
0.320825
0.329402
0.326996
0.332985
0.325464
0.322336
0.329705
0.329251
0.332977
0.333301
0.33612
0.337221
0.339132
0.337008
0.333586
0.339819
0.341384
0.342915
0.350308
0.359982
0.353195
0.353322
0.366893
0.375794
0.416672
0.482156
0.54339
0.62586
0.764318
0.951836
1.10643
1.2134
1.23776
1.18347
0.911489
0.590165
0.425569
0.312983
0.261579
0.243632
0.299047
0.335112
0.360481
0.357965
0.363744
0.372129
0.367813
0.378965
0.382945
0.37731
0.381411
0.383832
0.389658
0.392239
0.397746
0.395241
0.387407
0.38955
0.397423
0.395721
0.383082
0.38074
0.392863
0.395571
0.395755
0.403353
0.403058
0.398597
0.398183
0.397731
0.397239
0.40336
0.412167
0.408474
0.399934
0.39989
0.409503
0.408741
0.405456
0.401452
0.406225
0.405311
0.404359
0.40337
0.402343
0.404563
0.416203
0.415065
0.417736
0.436719
0.434429
0.427095
0.432868
0.432874
0.445586
0.437149
0.44326
0.441964
0.448246
0.446681
0.437229
0.443169
0.426557
0.439041
0.430977
0.421318
0.411627
0.401903
0.392148
0.389132
0.387206
0.37872
0.368839
0.371509
0.358844
0.35308
0.345043
0.346633
0.352361
0.346923
0.336808
0.326666
0.321705
0.319401
0.302167
0.300371
0.309047
0.305317
0.299478
0.29702
0.298785
0.295917
0.297514
0.306861
0.308412
0.298522
0.287167
0.284525
0.278577
0.27433
0.273429
0.271587
0.27341
0.2656
0.270912
0.265108
0.265537
0.259217
0.260092
0.253258
0.254581
0.248959
0.257023
0.249167
0.251393
0.240544
0.231926
0.234834
0.226591
0.23785
0.234192
0.223271
0.213542
0.225439
0.214649
0.211583
0.208508
0.205426
0.194645
0.1988
0.196137
0.185697
0.196325
0.173534
0.18856
0.188558
0.185427
0.175682
0.190615
0.198415
0.190667
0.185763
0.188631
0.181603
0.187877
0.177926
0.175589
0.185754
0.18254
0.181853
0.176522
0.170434
0.162507
0.156186
0.153078
0.132186
0.110498
0.0995157
0.0967145
0.0936002
0.0903333
0.0765393
0.0563425
0.0567906
0.058291
0.0552742
0.0522686
0.0462698
0.0469341
0.0510561
0.0349993
0.037426
0.0369019
0.0373132
0.0330126
0.0397854
0.0271011
0.0138732
0.0189321
0.0208832
0.010191
0.000839017
-0.00192342
0.00831516
0.0945372
0.139192
0.188193
0.282652
0.412097
0.625794
0.740148
0.807888
0.853054
0.730053
0.40144
0.139721
-0.0277688
-0.12295
-0.161764
-0.137892
-0.0722464
-0.0587172
-0.0529898
-0.0608513
-0.0443885
-0.0487699
-0.0461123
-0.0402462
-0.0467443
-0.0508083
-0.0528858
-0.0607636
-0.0593973
-0.0589386
-0.0608951
-0.0467986
-0.0454717
-0.0451732
-0.0489198
-0.0490471
-0.056969
-0.056337
-0.055428
-0.0564016
-0.0542437
-0.0558429
-0.0614029
-0.0670917
-0.0648378
-0.0691521
-0.0761234
-0.0694823
-0.0725918
-0.0742775
-0.0635353
-0.06413
-0.0548233
-0.0559981
-0.0571362
-0.0582375
-0.0615846
-0.0663216
-0.0592801
-0.0541171
-0.0532374
-0.0460819
-0.0419874
-0.0479658
-0.0393919
-0.0275997
-0.034196
-0.0268118
-0.0202038
-0.0207731
-0.0207325
-0.0140899
-0.0222474
-0.0224567
-0.0146368
0.00912225
-0.0070324
-0.00761473
-0.0155777
-0.0314102
-0.0251064
-0.024553
-0.0246123
-0.024632
-0.0316243
-0.053376
-0.0570694
-0.0502862
-0.0485997
-0.0547837
-0.0562804
-0.0559848
-0.0556498
-0.0730097
-0.0735344
-0.0763839
-0.0783795
-0.0778491
-0.0825798
-0.0900028
-0.087277
-0.0834937
-0.0827699
-0.0866958
-0.0847944
-0.0803689
-0.0794924
-0.0827771
-0.0857791
-0.0808356
-0.0794416
-0.0789885
-0.0662682
-0.0594641
-0.0663203
-0.07314
-0.0706283
-0.0592345
-0.0607688
-0.0647133
-0.0607124
-0.0512551
-0.0464918
-0.0485427
-0.0453399
-0.0538449
-0.0460897
-0.0444566
-0.041159
-0.035953
-0.046124
-0.0375911
-0.0346508
-0.0258082
-0.0239457
-0.0220516
-0.0201261
-0.0181696
-0.0161823
-0.0141646
-0.0121168
-0.0100393
-0.00793228
-0.0137462
-0.0196123
-0.00233492
-0.0143825
0.00164667
0.00530922
0.0076128
0.017036
0.0274246
0.030989
0.053578
0.0536872
0.0416311
0.0344104
0.0475988
0.0478457
0.0483598
0.0450658
0.0568771
0.0755604
0.0832573
0.0805393
0.0909691
0.0943252
0.0890182
0.0788376
0.075077
0.068563
0.0643502
0.0627641
0.0661282
0.0645351
0.0594114
0.0622946
0.0576102
0.0591379
0.071035
0.0705533
0.0687801
0.0685691
0.0726918
0.0800076
0.0725762
0.072902
0.0781726
0.0930735
0.0847063
0.0855623
0.0847552
0.0919465
0.0925017
0.108229
0.111326
0.112961
0.110728
0.120652
0.130375
0.185601
0.265618
0.320606
0.416368
0.565567
0.736264
0.881522
0.948792
1
0.907845
0.590089
0.32854
0.181437
0.0635081
0.0188317
0.0449767
0.0934837
0.137611
0.167471
0.181769
0.192819
0.197866
0.177625
0.188656
0.204541
0.199513
0.207441
0.206284
0.203172
0.20621
0.213776
0.220359
0.227578
0.238513
0.241657
0.240412
0.243368
0.24631
0.249238
0.258311
0.265423
0.26069
0.266312
0.268514
0.278155
0.27141
0.278261
0.276666
0.28737
0.298055
0.30872
0.318231
0.319943
0.316285
0.32622
0.32884
0.331438
0.334014
0.336567
0.339097
0.341604
0.359321
0.355296
0.371667
0.382827
0.379212
0.387242
0.397513
0.401276
0.409872
0.407745
0.408023
0.404381
0.40995
0.414517
0.421972
0.426805
0.438901
0.437353
0.432858
0.434814
0.43674
0.43442
0.428341
0.42223
0.416087
0.406346
0.402407
0.402324
0.397346
0.395251
0.381292
0.380264
0.376284
0.380049
0.387345
0.386826
0.382058
0.381794
0.378088
0.387314
0.394234
0.388476
0.390462
0.398245
0.39189
0.392955
0.393982
0.394971
0.387982
0.396513
0.390097
0.397904
0.39206
0.399143
0.39387
0.400228
0.395526
0.401159
0.403348
0.410037
0.406477
0.416491
0.421443
0.410797
0.405945
0.416613
0.41768
0.409956
0.411591
0.419671
0.432087
0.42696
0.415311
0.42307
0.427711
0.423236
0.429905
0.435887
0.427728
0.422447
0.422152
0.421817
0.416581
0.404822
0.406477
0.410037
0.405131
0.409262
0.408006
0.433938
0.432119
0.425398
0.430147
0.415408
0.422997
0.437355
0.436603
0.443592
0.42672
0.433149
0.432408
0.431307
0.444755
0.430939
0.427783
0.433342
0.433354
0.41907
0.414472
0.400764
0.383455
0.383615
0.373043
0.36114
0.367678
0.366403
0.366877
0.363427
0.363186
0.360318
0.359363
0.361292
0.359461
0.357599
0.34825
0.341138
0.340316
0.330387
0.323508
0.327294
0.332834
0.322785
0.31757
0.31427
0.300895
0.314718
0.308093
0.312137
0.321502
0.385297
0.456681
0.501786
0.60505
0.734894
0.91914
1.04178
1.11739
1.14633
0.99128
0.695413
0.43392
0.278187
0.174293
0.131294
0.157627
0.195054
0.226081
0.243093
0.238479
0.244959
0.247099
0.249633
0.24968
0.246829
0.239228
0.237373
0.242501
0.243498
0.236659
0.2331
0.231173
0.230056
0.233866
0.225727
0.225397
0.227937
0.222645
0.217755
0.225203
0.215767
0.21126
0.203863
0.214775
0.21251
0.216204
0.205075
0.194352
0.199263
0.188118
0.176968
0.181044
0.178531
0.182599
0.187488
0.178794
0.180799
0.192064
0.192626
0.189484
0.186343
0.199873
0.194059
0.190305
0.200136
0.198857
0.192232
0.197751
0.198337
0.195016
0.196229
0.196625
0.194969
0.190027
0.186328
0.175227
0.180187
0.178365
0.167498
0.176807
0.173779
0.170762
0.165288
0.1483
0.144494
0.133499
0.122517
0.111755
0.108827
0.0898612
0.0943706
0.0766704
0.0725681
0.0697172
0.0668831
0.0572752
0.059621
0.045727
0.0454336
0.0447482
0.0362622
0.0310891
0.0284053
0.0257423
0.0231004
0.0252131
0.0215858
0.0196268
0.0168677
0.0141328
0.0159474
0.0064681
-0.00216384
0.000343003
-0.00206499
-0.00444744
-0.00680397
-0.0113982
-0.0176118
-0.0137143
-0.0159635
-0.0181849
-0.0203783
-0.0225432
-0.0230333
-0.0103233
-0.0128118
-0.0222686
-0.00823431
-0.0182476
-0.00476911
-0.0211006
-0.0316377
-0.0271212
-0.0349198
-0.0311611
-0.038072
-0.047831
-0.04521
-0.0269136
-0.0275177
-0.0371429
-0.0413839
-0.0326247
-0.0378248
-0.0553381
-0.0547064
-0.0486893
-0.0418128
-0.0427205
-0.0526483
-0.053896
-0.0583993
-0.0583401
-0.0520692
-0.0531705
-0.0406516
-0.0381806
-0.0451381
-0.0442381
-0.0354794
-0.0260659
-0.0392524
-0.0330558
-0.0346409
-0.0409217
-0.019175
-0.0282598
-0.0529458
-0.0454891
-0.0614545
-0.0551539
-0.0772154
-0.0873017
-0.0957018
-0.117645
-0.109091
-0.112435
-0.114504
-0.108713
-0.11235
-0.114918
-0.104276
-0.108823
-0.110038
-0.11142
-0.110292
-0.110771
-0.110388
-0.109965
-0.110326
-0.102005
-0.100229
-0.107881
-0.112612
-0.11216
-0.114138
-0.11937
-0.118801
-0.105228
-0.045105
0.0249333
0.0892481
0.198469
0.339035
0.506568
0.650269
0.761284
0.762236
0.708974
0.436758
0.151436
-0.0340652
-0.162494
-0.231269
-0.219923
-0.150911
-0.115248
-0.0847168
-0.0696493
-0.0605084
-0.0566971
-0.0707368
-0.0726187
-0.0776459
-0.0824399
-0.0764687
-0.0754316
-0.073566
-0.064116
-0.051056
-0.0405461
-0.0419278
-0.0418852
-0.0350547
-0.0331606
-0.0360051
-0.0429906
-0.0352403
-0.0332226
-0.0311748
-0.0318793
-0.0405033
-0.0238612
-0.0147403
-0.0125469
-0.0107235
-0.0156283
0.00214922
-0.0032982
-0.00116597
0.00854256
0.00436801
0.026846
0.0119912
0.0174301
0.0403804
0.0353348
0.0402497
0.0505528
0.0497508
0.0553301
0.0605334
0.0681433
0.0737873
0.0810421
0.0958682
0.101573
0.104515
0.107476
0.113238
0.121402
0.119649
0.125464
0.1305
0.130784
0.139034
0.139746
0.136897
0.143402
0.155485
0.147114
0.155448
0.149686
0.14036
0.157077
0.151946
0.139275
0.119062
0.114359
0.117218
0.127636
0.131307
0.120479
0.128337
0.119511
0.119832
0.110619
0.12208
0.129174
0.132298
0.14079
0.141338
0.146658
0.152776
0.155914
0.159054
0.162195
